{
  "camera_angle_x": 1.1990573774424713,
  "camera_angle_y": 0.7299276343068319,
  "fl_x": 936.4321664476,
  "fl_y": 942.2095932562778,
  "k1": -0.0003799821164936344,
  "k2": 0.01453222756138549,
  "p1": -0.00016857795730956704,
  "p2": -0.0013183025160453455,
  "cx": 639.8396493801391,
  "cy": 362.67114924113883,
  "w": 1280.0,
  "h": 720.0,
  "aabb_scale": 16,
  "frames": [
    {
      "file_path": "images/scene00009.jpg",
      "sharpness": 589.7339290364571,
      "transform_matrix": [
        [
          0.5914627128669554,
          0.08942461269284945,
          -0.8013582831604941,
          -3.9543792926179164
        ],
        [
          -0.806332281909052,
          0.06518530148181363,
          -0.5878597856820102,
          -2.3944065935444216
        ],
        [
          -0.0003323523695499185,
          0.9938581967123904,
          0.11066062726494248,
          0.6820268897613418
        ],
        [
          0.0,
          0.0,
          0.0,
          1.0
        ]
      ]
    },
    {
      "file_path": "images/scene00001.jpg",
      "sharpness": 751.720850643577,
      "transform_matrix": [
        [
          0.5830642676647934,
          0.09003253695726768,
          -0.8074219480040749,
          -3.982103392799018
        ],
        [
          -0.8124259208460087,
          0.06409159624575894,
          -0.5795311815840609,
          -2.3539737717544447
        ],
        [
          -0.00042770103241477703,
          0.9938744435977125,
          0.11051428637211186,
          0.6817173814665259
        ],
        [
          0.0,
          0.0,
          0.0,
          1.0
        ]
      ]
    },
    {
      "file_path": "images/scene00017.jpg",
      "sharpness": 626.1423373603526,
      "transform_matrix": [
        [
          0.6006399933840701,
          0.08876737994559374,
          -0.7945765857752913,
          -3.923013887407757
        ],
        [
          -0.7995194913204655,
          0.06615721891626741,
          -0.5969855989753544,
          -2.437656188273787
        ],
        [
          -0.00042587035541687335,
          0.9938528938931548,
          0.11070792199212687,
          0.6816231425285462
        ],
        [
          0.0,
          0.0,
          0.0,
          1.0
        ]
      ]
    },
    {
      "file_path": "images/scene00033.jpg",
      "sharpness": 612.7516151876557,
      "transform_matrix": [
        [
          0.6216435448368726,
          0.08746553263228295,
          -0.7784016211578302,
          -3.8529795901420387
        ],
        [
          -0.7832997108918518,
          0.06823375779260854,
          -0.6178881105946887,
          -2.533864551207256
        ],
        [
          -0.0009306450168621503,
          0.9938279201933167,
          0.11092880149560683,
          0.682746090468177
        ],
        [
          0.0,
          0.0,
          0.0,
          1.0
        ]
      ]
    },
    {
      "file_path": "images/scene00057.jpg",
      "sharpness": 636.4664823760975,
      "transform_matrix": [
        [
          0.66262248855912,
          0.08465863350132072,
          -0.744153447540591,
          -3.7228113046275326
        ],
        [
          -0.7489491003504447,
          0.071470177801156,
          -0.6587619135692071,
          -2.696677810179038
        ],
        [
          -0.002585104198415,
          0.9938435135954037,
          0.11076275447007712,
          0.6823377956407581
        ],
        [
          0.0,
          0.0,
          0.0,
          1.0
        ]
      ]
    },
    {
      "file_path": "images/scene00025.jpg",
      "sharpness": 637.7233226669867,
      "transform_matrix": [
        [
          0.6106418298785158,
          0.08815088471587303,
          -0.7869853729158921,
          -3.889694796535615
        ],
        [
          -0.7919066577391849,
          0.06717866644508545,
          -0.6069356409068807,
          -2.4845721563800516
        ],
        [
          -0.0006332858472591197,
          0.993839246737318,
          0.11082937629892468,
          0.6823432946155126
        ],
        [
          0.0,
          0.0,
          0.0,
          1.0
        ]
      ]
    },
    {
      "file_path": "images/scene00041.jpg",
      "sharpness": 605.3281777324486,
      "transform_matrix": [
        [
          0.6338368830897889,
          0.08653491218354711,
          -0.7686107692880358,
          -3.8130936194030887
        ],
        [
          -0.7734656351833532,
          0.06922971385330395,
          -0.630046155380885,
          -2.58527717646054
        ],
        [
          -0.001310285105087912,
          0.9938405082054618,
          0.11081212686355918,
          0.6819192418301913
        ],
        [
          0.0,
          0.0,
          0.0,
          1.0
        ]
      ]
    },
    {
      "file_path": "images/scene00049.jpg",
      "sharpness": 616.0581653926696,
      "transform_matrix": [
        [
          0.6474424911020323,
          0.08562665815416388,
          -0.757288779915617,
          -3.7705216575891316
        ],
        [
          -0.7621119720443812,
          0.07028155521607993,
          -0.6436193324186789,
          -2.6398821674326904
        ],
        [
          -0.0018875393582682824,
          0.9938453493711514,
          0.11076036649306405,
          0.6821373914403853
        ],
        [
          0.0,
          0.0,
          0.0,
          1.0
        ]
      ]
    },
    {
      "file_path": "images/scene00065.jpg",
      "sharpness": 714.3481279386546,
      "transform_matrix": [
        [
          0.6793707879151187,
          0.08348660867252809,
          -0.729030396319036,
          -3.6719276735252695
        ],
        [
          -0.7337876567185594,
          0.07280177004692888,
          -0.6754669326662504,
          -2.757409250394721
        ],
        [
          -0.0033177402087003305,
          0.9938460084476269,
          0.11072083882359092,
          0.682945908964819
        ],
        [
          0.0,
          0.0,
          0.0,
          1.0
        ]
      ]
    },
    {
      "file_path": "images/scene00081.jpg",
      "sharpness": 740.9319052922566,
      "transform_matrix": [
        [
          0.717720071973569,
          0.08121520683245831,
          -0.6915793436204954,
          -3.5423115355752426
        ],
        [
          -0.6963075881108092,
          0.07543424043317123,
          -0.7137684625350232,
          -2.8982876203405055
        ],
        [
          -0.005800090829984557,
          0.9938378970467446,
          0.11069143326039692,
          0.6854193807925029
        ],
        [
          0.0,
          0.0,
          0.0,
          1.0
        ]
      ]
    },
    {
      "file_path": "images/scene00089.jpg",
      "sharpness": 746.140876434909,
      "transform_matrix": [
        [
          0.7382401411221654,
          0.07991407502389045,
          -0.6697874548736641,
          -3.467062501236887
        ],
        [
          -0.6744997418495072,
          0.07688260895668275,
          -0.7342609636123897,
          -2.9746589071804594
        ],
        [
          -0.007182778756090993,
          0.9938323828040329,
          0.11065985105977798,
          0.6880616625268429
        ],
        [
          0.0,
          0.0,
          0.0,
          1.0
        ]
      ]
    },
    {
      "file_path": "images/scene00153.jpg",
      "sharpness": 733.9826358220314,
      "transform_matrix": [
        [
          0.8732786086562829,
          0.06659932424264747,
          -0.4826479065850264,
          -2.713749370684001
        ],
        [
          -0.48693965672961076,
          0.08563120513183357,
          -0.8692278570154958,
          -3.5329739762757395
        ],
        [
          -0.016560265994884388,
          0.9940984995335533,
          0.10720975176022736,
          0.7310083145434337
        ],
        [
          0.0,
          0.0,
          0.0,
          1.0
        ]
      ]
    },
    {
      "file_path": "images/scene00129.jpg",
      "sharpness": 775.6082222601805,
      "transform_matrix": [
        [
          0.8316628843662554,
          0.07109965776552164,
          -0.550710164687711,
          -3.0192387848140583
        ],
        [
          -0.5551311933139808,
          0.08343358511793891,
          -0.8275676377699868,
          -3.338569636515908
        ],
        [
          -0.012892052422480921,
          0.9939736795291838,
          0.10885825391179225,
          0.7051272062854932
        ],
        [
          0.0,
          0.0,
          0.0,
          1.0
        ]
      ]
    },
    {
      "file_path": "images/scene00121.jpg",
      "sharpness": 847.1520022360296,
      "transform_matrix": [
        [
          0.8154132765884674,
          0.07274682590016127,
          -0.5742900728219581,
          -3.115047382463353
        ],
        [
          -0.5787577665225553,
          0.08212642706276259,
          -0.8113536206043331,
          -3.2704582819277688
        ],
        [
          -0.011859008803087975,
          0.9939633541314087,
          0.10906976946533371,
          0.6976160071860998
        ],
        [
          0.0,
          0.0,
          0.0,
          1.0
        ]
      ]
    },
    {
      "file_path": "images/scene00161.jpg",
      "sharpness": 701.8625938633626,
      "transform_matrix": [
        [
          0.8857499307856938,
          0.06488304020250953,
          -0.4596055387659694,
          -2.6069831494026845
        ],
        [
          -0.46381698109791386,
          0.08550968947397244,
          -0.8817947045947342,
          -3.5949335998038277
        ],
        [
          -0.01791279436818445,
          0.9942224520482902,
          0.1058340573642601,
          0.7378621926713491
        ],
        [
          0.0,
          0.0,
          0.0,
          1.0
        ]
      ]
    },
    {
      "file_path": "images/scene00113.jpg",
      "sharpness": 694.2002381020994,
      "transform_matrix": [
        [
          0.7978598073054973,
          0.07443302339046579,
          -0.5982302675162201,
          -3.2076440772357375
        ],
        [
          -0.6027450861298541,
          0.08060761414983487,
          -0.7938518587793437,
          -3.201732466701877
        ],
        [
          -0.010866879396387872,
          0.9939628451943482,
          0.10917771458733488,
          0.6912396362070402
        ],
        [
          0.0,
          0.0,
          0.0,
          1.0
        ]
      ]
    },
    {
      "file_path": "images/scene00073.jpg",
      "sharpness": 652.8874971365741,
      "transform_matrix": [
        [
          0.6979110632354562,
          0.08249409089366136,
          -0.7114175095106408,
          -3.6109277989997572
        ],
        [
          -0.7161703624276294,
          0.07416011978818723,
          -0.6939742708583022,
          -2.8250839082582306
        ],
        [
          -0.004489968853324349,
          0.9938284568563657,
          0.11083699102449407,
          0.6847647251372495
        ],
        [
          0.0,
          0.0,
          0.0,
          1.0
        ]
      ]
    },
    {
      "file_path": "images/scene00137.jpg",
      "sharpness": 756.9600183491598,
      "transform_matrix": [
        [
          0.8466016257177877,
          0.0695191296362948,
          -0.5276672985923521,
          -2.9196755805964836
        ],
        [
          -0.5320418985914073,
          0.08439138500934852,
          -0.842501936068688,
          -3.404386801553592
        ],
        [
          -0.014039427160038446,
          0.9940046201138091,
          0.10843297346560675,
          0.7121445303330084
        ],
        [
          0.0,
          0.0,
          0.0,
          1.0
        ]
      ]
    },
    {
      "file_path": "images/scene00097.jpg",
      "sharpness": 691.861766176717,
      "transform_matrix": [
        [
          0.7589221716544449,
          0.0782881026238999,
          -0.6464581273493198,
          -3.3845201130628015
        ],
        [
          -0.6511247132610001,
          0.07814136120593068,
          -0.7549374381031164,
          -3.053005695486891
        ],
        [
          -0.008587501595128411,
          0.9938636227940303,
          0.11027852991517424,
          0.6890289267354456
        ],
        [
          0.0,
          0.0,
          0.0,
          1.0
        ]
      ]
    },
    {
      "file_path": "images/scene00185.jpg",
      "sharpness": 820.4409795747815,
      "transform_matrix": [
        [
          0.921061391719277,
          0.059190527840476855,
          -0.384892704731142,
          -2.276621602120659
        ],
        [
          -0.38884570924201906,
          0.08625670911920923,
          -0.9172561226484286,
          -3.764580277405062
        ],
        [
          -0.02109329599036983,
          0.994513077642849,
          0.10246370732500332,
          0.7722788243007178
        ],
        [
          0.0,
          0.0,
          0.0,
          1.0
        ]
      ]
    },
    {
      "file_path": "images/scene00177.jpg",
      "sharpness": 700.633095360857,
      "transform_matrix": [
        [
          0.909780120185228,
          0.06128764629760464,
          -0.41054105444424305,
          -2.3885608077550895
        ],
        [
          -0.4145909013912506,
          0.08565508860728699,
          -0.9059677644813311,
          -3.7114484599064475
        ],
        [
          -0.020359701511212903,
          0.9944380474739216,
          0.103336597330286,
          0.759946004675582
        ],
        [
          0.0,
          0.0,
          0.0,
          1.0
        ]
      ]
    },
    {
      "file_path": "images/scene00145.jpg",
      "sharpness": 686.149389090332,
      "transform_matrix": [
        [
          0.8603917597614656,
          0.06800179355771503,
          -0.5050760099872504,
          -2.8178095186307814
        ],
        [
          -0.5094055500269853,
          0.08513284625354475,
          -0.8563050765296839,
          -3.4694197611511908
        ],
        [
          -0.015231722731996713,
          0.9940463543610422,
          0.10788809045167921,
          0.7207510866017875
        ],
        [
          0.0,
          0.0,
          0.0,
          1.0
        ]
      ]
    },
    {
      "file_path": "images/scene00105.jpg",
      "sharpness": 691.9444314232297,
      "transform_matrix": [
        [
          0.7789354659825803,
          0.07646619832885966,
          -0.622424662432949,
          -3.2978033034519347
        ],
        [
          -0.6270270231370384,
          0.07940801776459966,
          -0.7749396615031606,
          -3.128987642564419
        ],
        [
          -0.009831181197799575,
          0.9939050695537563,
          0.10980009402897285,
          0.6901132476135324
        ],
        [
          0.0,
          0.0,
          0.0,
          1.0
        ]
      ]
    },
    {
      "file_path": "images/scene00169.jpg",
      "sharpness": 704.9942511248366,
      "transform_matrix": [
        [
          0.8979636933038025,
          0.06320800666509173,
          -0.43550654812385925,
          -2.498004052373691
        ],
        [
          -0.43964738047217194,
          0.0855148451758814,
          -0.8940902594808509,
          -3.6551318512707156
        ],
        [
          -0.019271388044564908,
          0.9943299046115128,
          0.10457846076161256,
          0.7484690973069041
        ],
        [
          0.0,
          0.0,
          0.0,
          1.0
        ]
      ]
    },
    {
      "file_path": "images/scene00201.jpg",
      "sharpness": 809.629369293849,
      "transform_matrix": [
        [
          0.9405597978638074,
          0.05689142218819909,
          -0.3348292591470145,
          -2.0469336854549987
        ],
        [
          -0.3388934366140264,
          0.09240187792193205,
          -0.9362762047475464,
          -3.860142050297892
        ],
        [
          -0.02232723252066388,
          0.994095196193304,
          0.10618962119970662,
          0.8058949412264357
        ],
        [
          0.0,
          0.0,
          0.0,
          1.0
        ]
      ]
    },
    {
      "file_path": "images/scene00193.jpg",
      "sharpness": 801.8980186928349,
      "transform_matrix": [
        [
          0.9313555188189776,
          0.057701386236865666,
          -0.35951001049889547,
          -2.163084873600787
        ],
        [
          -0.3634593019106804,
          0.08827685767937156,
          -0.9274182078506382,
          -3.81420977749331
        ],
        [
          -0.021776902183171055,
          0.994423323580728,
          0.10318924414461002,
          0.7884944807323429
        ],
        [
          0.0,
          0.0,
          0.0,
          1.0
        ]
      ]
    },
    {
      "file_path": "images/scene00217.jpg",
      "sharpness": 710.7196073216144,
      "transform_matrix": [
        [
          0.9557242028493722,
          0.05848460335704686,
          -0.2883934800151354,
          -1.8119296905567517
        ],
        [
          -0.29329156459986955,
          0.10971537505427256,
          -0.9497065834305319,
          -3.9401395891682114
        ],
        [
          -0.023902014014443335,
          0.9922409423639862,
          0.1220106801876557,
          0.841318175963819
        ],
        [
          0.0,
          0.0,
          0.0,
          1.0
        ]
      ]
    },
    {
      "file_path": "images/scene00209.jpg",
      "sharpness": 813.2237709620158,
      "transform_matrix": [
        [
          0.9485496932663382,
          0.05725407675999812,
          -0.31140881515434854,
          -1.93063087406247
        ],
        [
          -0.31578903334980946,
          0.0995040768253816,
          -0.9435974910475092,
          -3.9028423670749217
        ],
        [
          -0.02303835651575648,
          0.9933885994142028,
          0.1124647711068415,
          0.8254417025534968
        ],
        [
          0.0,
          0.0,
          0.0,
          1.0
        ]
      ]
    },
    {
      "file_path": "images/scene00233.jpg",
      "sharpness": 776.1551664066835,
      "transform_matrix": [
        [
          0.9686437225842062,
          0.060912749242271184,
          -0.2408712845797495,
          -1.5721059634664738
        ],
        [
          -0.24713721996236196,
          0.1365442145381275,
          -0.9593116657194749,
          -4.010197144618045
        ],
        [
          -0.02554473058142426,
          0.9887594826407707,
          0.14731650377554792,
          0.8703480731528257
        ],
        [
          0.0,
          0.0,
          0.0,
          1.0
        ]
      ]
    },
    {
      "file_path": "images/scene00257.jpg",
      "sharpness": 929.9895998226966,
      "transform_matrix": [
        [
          0.9856998985186988,
          0.05646066113369915,
          -0.15876997153653338,
          -1.1999989399697566
        ],
        [
          -0.16622049937432787,
          0.17098277899466727,
          -0.9711517053864667,
          -4.106634789813344
        ],
        [
          -0.02768493639301881,
          0.9836549614001522,
          0.17792262719213692,
          0.9198289337762118
        ],
        [
          0.0,
          0.0,
          0.0,
          1.0
        ]
      ]
    },
    {
      "file_path": "images/scene00249.jpg",
      "sharpness": 930.7374141320958,
      "transform_matrix": [
        [
          0.9804515132600782,
          0.05938844033399542,
          -0.1875842300350904,
          -1.3254252285752797
        ],
        [
          -0.19487812191375606,
          0.1615291353807856,
          -0.9674351947404727,
          -4.078443647960272
        ],
        [
          -0.027154148851213356,
          0.9850793631142312,
          0.16994499293535945,
          0.903726089708979
        ],
        [
          0.0,
          0.0,
          0.0,
          1.0
        ]
      ]
    },
    {
      "file_path": "images/scene00225.jpg",
      "sharpness": 788.0282513646148,
      "transform_matrix": [
        [
          0.9623308419982272,
          0.05973681821036446,
          -0.2652373713227925,
          -1.6927392038164897
        ],
        [
          -0.27077042013302993,
          0.12248401929455213,
          -0.9548199016560495,
          -3.9750261062207097
        ],
        [
          -0.02455056358212843,
          0.9906710743853833,
          0.13404511278328424,
          0.8548624601919632
        ],
        [
          0.0,
          0.0,
          0.0,
          1.0
        ]
      ]
    },
    {
      "file_path": "images/scene00241.jpg",
      "sharpness": 1006.6338056107087,
      "transform_matrix": [
        [
          0.9747293843509627,
          0.06081568987756549,
          -0.2149513414813879,
          -1.4496629511089505
        ],
        [
          -0.2218306875852897,
          0.15005498804702222,
          -0.9634701067535402,
          -4.0454355519956335
        ],
        [
          -0.02633957824194725,
          0.9868054278746317,
          0.15975379241937915,
          0.8876418168247264
        ],
        [
          0.0,
          0.0,
          0.0,
          1.0
        ]
      ]
    },
    {
      "file_path": "images/scene00273.jpg",
      "sharpness": 862.6615051748726,
      "transform_matrix": [
        [
          0.9941116436492827,
          0.048577734489853565,
          -0.09686198289263952,
          -0.9407206511728557
        ],
        [
          -0.1042474875602295,
          0.18479650396927325,
          -0.9772321696803411,
          -4.155318837007746
        ],
        [
          -0.02957196906758397,
          0.9815754967845386,
          0.18877246307347076,
          0.9540247841230888
        ],
        [
          0.0,
          0.0,
          0.0,
          1.0
        ]
      ]
    },
    {
      "file_path": "images/scene00265.jpg",
      "sharpness": 941.2627216374717,
      "transform_matrix": [
        [
          0.9903178586226015,
          0.05272352865053626,
          -0.12841638710429515,
          -1.071777972513518
        ],
        [
          -0.1358715984873163,
          0.1785483365334889,
          -0.9745046948299725,
          -4.131611266702849
        ],
        [
          -0.028450793896837755,
          0.9825175423895173,
          0.18398323641211273,
          0.9361774143915141
        ],
        [
          0.0,
          0.0,
          0.0,
          1.0
        ]
      ]
    },
    {
      "file_path": "images/scene00321.jpg",
      "sharpness": 978.2955010214803,
      "transform_matrix": [
        [
          0.9947836531911756,
          0.015627020435285282,
          0.10080317273317008,
          -0.1180929112498003
        ],
        [
          0.0953239325870012,
          0.20939736818280943,
          -0.9731732066155001,
          -4.188716737671361
        ],
        [
          -0.036315716661655464,
          0.9777057525069107,
          0.20681544984700415,
          1.0519535703087415
        ],
        [
          0.0,
          0.0,
          0.0,
          1.0
        ]
      ]
    },
    {
      "file_path": "images/scene00297.jpg",
      "sharpness": 901.6803357092538,
      "transform_matrix": [
        [
          0.9994479025719555,
          0.03311350569561596,
          0.0027176906014031886,
          -0.5372118996956992
        ],
        [
          -0.0038849104324038893,
          0.19770757438194947,
          -0.980253346080987,
          -4.1998616452014
        ],
        [
          -0.0329969327753235,
          0.9797015927452142,
          0.1977270635423586,
          1.0061146723677898
        ],
        [
          0.0,
          0.0,
          0.0,
          1.0
        ]
      ]
    },
    {
      "file_path": "images/scene00289.jpg",
      "sharpness": 812.4781628290515,
      "transform_matrix": [
        [
          0.9987782770598297,
          0.03871333091525796,
          -0.030712071567755832,
          -0.6718923883971473
        ],
        [
          -0.03766480700696534,
          0.194062217192504,
          -0.980265891567941,
          -4.1939309263114755
        ],
        [
          -0.03198930514219666,
          0.9802250424891301,
          0.1952832570674597,
          0.9896426474369461
        ],
        [
          0.0,
          0.0,
          0.0,
          1.0
        ]
      ]
    },
    {
      "file_path": "images/scene00281.jpg",
      "sharpness": 809.134440096632,
      "transform_matrix": [
        [
          0.9969704144110625,
          0.043932805690377545,
          -0.06418645830971792,
          -0.8063501737926153
        ],
        [
          -0.07141168268317764,
          0.1899294619723051,
          -0.9791972074364289,
          -4.17728519992911
        ],
        [
          -0.030827981154192444,
          0.9808143086814224,
          0.19249136999074218,
          0.9717328987300696
        ],
        [
          0.0,
          0.0,
          0.0,
          1.0
        ]
      ]
    },
    {
      "file_path": "images/scene00353.jpg",
      "sharpness": 797.3416989813489,
      "transform_matrix": [
        [
          0.9746300266378651,
          -0.013746627753367296,
          0.22339951087328783,
          0.435066141844092
        ],
        [
          0.22053048876803108,
          0.2295251597959206,
          -0.947989717530957,
          -4.122160208829853
        ],
        [
          -0.0382441466706041,
          0.9732056469730442,
          0.22673366314332058,
          1.1176605312924555
        ],
        [
          0.0,
          0.0,
          0.0,
          1.0
        ]
      ]
    },
    {
      "file_path": "images/scene00329.jpg",
      "sharpness": 952.0121015463643,
      "transform_matrix": [
        [
          0.9912147050466206,
          0.009023224411022454,
          0.13195449964934358,
          0.021365278422512905
        ],
        [
          0.12698740021735933,
          0.21402722586828177,
          -0.9685383558606219,
          -4.178228565593495
        ],
        [
          -0.03698119443639936,
          0.9767860195881781,
          0.21100109775144194,
          1.0680611709789982
        ],
        [
          0.0,
          0.0,
          0.0,
          1.0
        ]
      ]
    },
    {
      "file_path": "images/scene00305.jpg",
      "sharpness": 1031.8046508520329,
      "transform_matrix": [
        [
          0.9989715315158886,
          0.027484749583417258,
          0.03606199964334272,
          -0.39939590182854845
        ],
        [
          0.0298047966474225,
          0.20131770959984324,
          -0.9790724456843386,
          -4.200630044258891
        ],
        [
          -0.034169480165446034,
          0.9791403210963596,
          0.20029148330798727,
          1.0217253857332895
        ],
        [
          0.0,
          0.0,
          0.0,
          1.0
        ]
      ]
    },
    {
      "file_path": "images/scene00337.jpg",
      "sharpness": 870.2364074158801,
      "transform_matrix": [
        [
          0.986660700552596,
          0.0020181243297453947,
          0.16277772948529892,
          0.16030845286394352
        ],
        [
          0.15839722211211468,
          0.2188256799845239,
          -0.9628217082131608,
          -4.163085327490985
        ],
        [
          -0.03756304125550951,
          0.9757618813050336,
          0.21558703342472016,
          1.083017068603509
        ],
        [
          0.0,
          0.0,
          0.0,
          1.0
        ]
      ]
    },
    {
      "file_path": "images/scene00313.jpg",
      "sharpness": 986.370022421179,
      "transform_matrix": [
        [
          0.997390205589787,
          0.02164368007503807,
          0.06887908945036637,
          -0.25863070420132134
        ],
        [
          0.06299425289887894,
          0.20526729993046147,
          -0.9766765378982968,
          -4.196009113631076
        ],
        [
          -0.035277499236211984,
          0.9784665997093845,
          0.20336816702219415,
          1.037163335754653
        ],
        [
          0.0,
          0.0,
          0.0,
          1.0
        ]
      ]
    },
    {
      "file_path": "images/scene00377.jpg",
      "sharpness": 959.5289756367958,
      "transform_matrix": [
        [
          0.9503108955209902,
          -0.0400298637625609,
          0.30871801359555234,
          0.8358514696648476
        ],
        [
          0.3088612913474953,
          0.2451905669851209,
          -0.9189593508794095,
          -4.030650130697796
        ],
        [
          -0.03890892717297961,
          0.9686481280229556,
          0.24537094269909857,
          1.16533167872742
        ],
        [
          0.0,
          0.0,
          0.0,
          1.0
        ]
      ]
    },
    {
      "file_path": "images/scene00345.jpg",
      "sharpness": 828.4797044344255,
      "transform_matrix": [
        [
          0.9811093320211125,
          -0.005688005445645482,
          0.19337043536248325,
          0.29872189445407477
        ],
        [
          0.1897126391470741,
          0.22392435012635195,
          -0.9559639114361879,
          -4.144434266699367
        ],
        [
          -0.0378628211381041,
          0.9745899302110838,
          0.22077335610030324,
          1.0990470367467593
        ],
        [
          0.0,
          0.0,
          0.0,
          1.0
        ]
      ]
    },
    {
      "file_path": "images/scene00369.jpg",
      "sharpness": 956.4850931404857,
      "transform_matrix": [
        [
          0.9592205649018656,
          -0.031037186077600917,
          0.28094946343937016,
          0.7014211821584712
        ],
        [
          0.28000464704427935,
          0.2402247950269329,
          -0.929456532328387,
          -4.0653282451903205
        ],
        [
          -0.03864331192273171,
          0.9702209753393847,
          0.2391191199220757,
          1.1509233310257043
        ],
        [
          0.0,
          0.0,
          0.0,
          1.0
        ]
      ]
    },
    {
      "file_path": "images/scene00361.jpg",
      "sharpness": 823.9167252123749,
      "transform_matrix": [
        [
          0.9673169038508467,
          -0.022259256573012316,
          0.2525916330331784,
          0.5683661525986582
        ],
        [
          0.25064210589663144,
          0.23488753903355022,
          -0.9391519465765364,
          -4.096471960566867
        ],
        [
          -0.03842580292373795,
          0.971767652043216,
          0.232789793954232,
          1.134847553007885
        ],
        [
          0.0,
          0.0,
          0.0,
          1.0
        ]
      ]
    },
    {
      "file_path": "images/scene00385.jpg",
      "sharpness": 959.0012626662067,
      "transform_matrix": [
        [
          0.940777026886911,
          -0.049094677353318586,
          0.3354523787283933,
          0.9676855402718305
        ],
        [
          0.33674105605922244,
          0.24999868338208547,
          -0.9078029078337305,
          -3.991294942119113
        ],
        [
          -0.03929436215898571,
          0.9670007089016868,
          0.2517252115766838,
          1.1794785217391293
        ],
        [
          0.0,
          0.0,
          0.0,
          1.0
        ]
      ]
    },
    {
      "file_path": "images/scene00393.jpg",
      "sharpness": 922.7980435853643,
      "transform_matrix": [
        [
          0.930600173145562,
          -0.05854634368607974,
          0.36132484475826054,
          1.0974004516935594
        ],
        [
          0.3638993891451471,
          0.25451027560308853,
          -0.8959920502952365,
          -3.948854491097003
        ],
        [
          -0.039503827305087884,
          0.9652962474322905,
          0.2581522852476051,
          1.1938500650451236
        ],
        [
          0.0,
          0.0,
          0.0,
          1.0
        ]
      ]
    },
    {
      "file_path": "images/scene00401.jpg",
      "sharpness": 898.4871328825584,
      "transform_matrix": [
        [
          0.919704674268356,
          -0.06794858174222569,
          0.38668631010846083,
          1.2262342478892876
        ],
        [
          0.39056386134800986,
          0.2587863768318661,
          -0.883453157431225,
          -3.9022218136283278
        ],
        [
          -0.04003976008030916,
          0.9635416967930102,
          0.264545300867604,
          1.2080862981537637
        ],
        [
          0.0,
          0.0,
          0.0,
          1.0
        ]
      ]
    },
    {
      "file_path": "images/scene00409.jpg",
      "sharpness": 921.6899012311194,
      "transform_matrix": [
        [
          0.9079240842149469,
          -0.0776365779376042,
          0.41188155958446093,
          1.3547712288774698
        ],
        [
          0.41715015211372863,
          0.2628932897482389,
          -0.8699844072147929,
          -3.8511051057498658
        ],
        [
          -0.04073828595056256,
          0.9616962514352719,
          0.2710732596371854,
          1.2231755549136396
        ],
        [
          0.0,
          0.0,
          0.0,
          1.0
        ]
      ]
    },
    {
      "file_path": "images/scene00425.jpg",
      "sharpness": 1316.1282677080314,
      "transform_matrix": [
        [
          0.8821450365672734,
          -0.09867899196484792,
          0.46052425675708436,
          1.6040777925684455
        ],
        [
          0.4691560581359711,
          0.2700318450183285,
          -0.8408182894004789,
          -3.746084849490179
        ],
        [
          -0.041385113504162886,
          0.9577814256257694,
          0.284503098689081,
          1.2543240964793085
        ],
        [
          0.0,
          0.0,
          0.0,
          1.0
        ]
      ]
    },
    {
      "file_path": "images/scene00417.jpg",
      "sharpness": 956.6154882173881,
      "transform_matrix": [
        [
          0.8954591934746151,
          -0.08775857586988373,
          0.4364072240926141,
          1.4808648506418
        ],
        [
          0.4432262015612682,
          0.2666725862746336,
          -0.855824903808718,
          -3.7991509682674565
        ],
        [
          -0.04127186836547761,
          0.9597833943885113,
          0.277691319264508,
          1.2384500749340042
        ],
        [
          0.0,
          0.0,
          0.0,
          1.0
        ]
      ]
    },
    {
      "file_path": "images/scene00441.jpg",
      "sharpness": 1421.3472210636091,
      "transform_matrix": [
        [
          0.8522527151747,
          -0.1231787573807064,
          0.5084213835635123,
          1.843064816521854
        ],
        [
          0.5214678694609637,
          0.2774572626465352,
          -0.806900693099571,
          -3.6231135060341577
        ],
        [
          -0.04167218064886045,
          0.952808722245717,
          0.30069746960961535,
          1.2859923017407537
        ],
        [
          0.0,
          0.0,
          0.0,
          1.0
        ]
      ]
    },
    {
      "file_path": "images/scene00433.jpg",
      "sharpness": 1312.0299064120532,
      "transform_matrix": [
        [
          0.8677486518735289,
          -0.11038507416423406,
          0.4845899427666334,
          1.7247780401515185
        ],
        [
          0.4952625967201736,
          0.2735857987377529,
          -0.8245397328322327,
          -3.687198476331136
        ],
        [
          -0.041560046992047656,
          0.9554925149804128,
          0.29207330649615526,
          1.2698565860353175
        ],
        [
          0.0,
          0.0,
          0.0,
          1.0
        ]
      ]
    },
    {
      "file_path": "images/scene00457.jpg",
      "sharpness": 1549.236067230902,
      "transform_matrix": [
        [
          0.8178708837503063,
          -0.1521302852209503,
          0.5549266563152512,
          2.0740707874198527
        ],
        [
          0.5738526132276844,
          0.28637592566519043,
          -0.7672561550689548,
          -3.4816886139011967
        ],
        [
          -0.0421947371703993,
          0.9459625814853163,
          0.32151889313371657,
          1.3164296513391438
        ],
        [
          0.0,
          0.0,
          0.0,
          1.0
        ]
      ]
    },
    {
      "file_path": "images/scene00449.jpg",
      "sharpness": 1552.5625698631557,
      "transform_matrix": [
        [
          0.8355649021317652,
          -0.1369639228149568,
          0.5320452783643623,
          1.9599487812378251
        ],
        [
          0.5477848517560366,
          0.28171239353938743,
          -0.7877625806757765,
          -3.5535932857651473
        ],
        [
          -0.04198869554316595,
          0.9496731075617435,
          0.31041575069215993,
          1.3013775352138408
        ],
        [
          0.0,
          0.0,
          0.0,
          1.0
        ]
      ]
    },
    {
      "file_path": "images/scene00465.jpg",
      "sharpness": 1467.0283137534761,
      "transform_matrix": [
        [
          0.7989420539577821,
          -0.1687160358603368,
          0.5772577359537364,
          2.185022566673182
        ],
        [
          0.5999028072083181,
          0.29143697703955324,
          -0.7451047646590778,
          -3.4055908311216
        ],
        [
          -0.04252312734512465,
          0.9415940673718178,
          0.3340544805689029,
          1.3311219028939691
        ],
        [
          0.0,
          0.0,
          0.0,
          1.0
        ]
      ]
    },
    {
      "file_path": "images/scene00481.jpg",
      "sharpness": 1924.0191626084875,
      "transform_matrix": [
        [
          0.7572085280834315,
          -0.20556362925253163,
          0.6199829347517483,
          2.399616246064538
        ],
        [
          0.6517340229094674,
          0.3007555835211239,
          -0.6962677950064493,
          -3.243655182218408
        ],
        [
          -0.043335994441217475,
          0.9312838844097049,
          0.3617075037675264,
          1.3584239757184589
        ],
        [
          0.0,
          0.0,
          0.0,
          1.0
        ]
      ]
    },
    {
      "file_path": "images/scene00489.jpg",
      "sharpness": 1768.7012531798462,
      "transform_matrix": [
        [
          0.7348758478366434,
          -0.2245641554241712,
          0.6399440822619915,
          2.5024146829295097
        ],
        [
          0.6767819001628438,
          0.30384424038132907,
          -0.6705556928392279,
          -3.1621484959919264
        ],
        [
          -0.043860550734110444,
          0.9258777552881533,
          0.37526874957694495,
          1.3702800953781296
        ],
        [
          0.0,
          0.0,
          0.0,
          1.0
        ]
      ]
    },
    {
      "file_path": "images/scene00473.jpg",
      "sharpness": 1456.8487430311418,
      "transform_matrix": [
        [
          0.7786559152633252,
          -0.18678656724080095,
          0.599003959904248,
          2.293635609086667
        ],
        [
          0.6259901031643369,
          0.29637038651180947,
          -0.7213189202697905,
          -3.325540769203628
        ],
        [
          -0.04279435011589135,
          0.9366297947157343,
          0.34769709706307994,
          1.3453743362069404
        ],
        [
          0.0,
          0.0,
          0.0,
          1.0
        ]
      ]
    },
    {
